NAME : d198
BEST : 15780
TEMPERATURE : 874.5580118634485
COOLING : 0.991700753955645
SEED : 4999408061570499896
EOF