NAME : fl1577
BEST : 22662
TEMPERATURE : 1412.1779138746506
COOLING : 0.5872129996448873
SEED : -6721988644085780744
EOF