NAME : pr439
BEST : 107252
TEMPERATURE : 1376.7010878552994
COOLING : 0.9828754281175798
SEED : -5230393556779708681
EOF