NAME : rat783
BEST : 9009
TEMPERATURE : 1495.32775227876
COOLING : 0.9288405456613162
SEED : 7843041926870010925
EOF
