NAME : u1060
BEST : 226629
TEMPERATURE : 797.4352524966511
COOLING : 0.7735954764352162
SEED : -5598247544688303158
EOF